1 0.2671 0.5 0.2329
2 0.239706 0.496103 0.264191
3 0.217036 0.489751 0.293213
4 0.198326 0.482059 0.319616
5 0.182886 0.473824 0.34329
6 0.170123 0.465581 0.364295
7 0.159545 0.457666 0.38279
8 0.150746 0.450268 0.398986
9 0.143401 0.443483 0.413117
10 0.137245 0.437341 0.425414
11 0.132066 0.431834 0.4361
12 0.127695 0.42693 0.445375
13 0.123992 0.422587 0.453421
14 0.120845 0.418755 0.460399
15 0.118165 0.415384 0.466451
16 0.115875 0.412424 0.4717
17 0.113916 0.409831 0.476253
18 0.112235 0.407562 0.480203
19 0.11079 0.405579 0.483631
20 0.109547 0.403846 0.486607
21 0.108475 0.402334 0.48919
22 0.107551 0.401015 0.491434
23 0.106752 0.399865 0.493383
24 0.106062 0.398862 0.495076
25 0.105465 0.397988 0.496547
26 0.104947 0.397227 0.497826
27 0.104499 0.396563 0.498938
28 0.10411 0.395986 0.499904
29 0.103773 0.395483 0.500744
30 0.103481 0.395045 0.501475
31 0.103227 0.394663 0.50211
32 0.103006 0.394331 0.502663
33 0.102815 0.394042 0.503143
