0 0.153846 0.307692 0.538462
1 0.262295 0.393443 0.344262
2 0.38209 0.429851 0.18806
3 0.493019 0.415985 0.0909966
4 0.587535 0.371799 0.0406656
5 0.666416 0.316287 0.017297
6 0.490181 0.465289 0.0445296
7 0.310908 0.590239 0.0988535
8 0.169213 0.642481 0.188305
9 0.234468 0.667685 0.0978462
10 0.303745 0.648721 0.0475336
11 0.37587 0.602072 0.0220577
12 0.449769 0.540333 0.00989791
13 0.523761 0.471917 0.00432233
14 0.595643 0.402513 0.00184333
15 0.663138 0.336093 0.000769575
16 0.724348 0.275337 0.000315229
17 0.778059 0.221815 0.000126976
18 0.823807 0.176143 5.04158e-05
19 0.861783 0.138197 1.97775e-05
20 0.892634 0.107358 7.68205e-06
21 0.917257 0.0827397 2.96024e-06
22 0.847158 0.152833 9.56901e-06
23 0.880817 0.119179 3.73096e-06
24 0.787014 0.212974 1.16677e-05
25 0.831281 0.168715 4.62148e-06
26 0.86789 0.132109 1.80938e-06
27 0.76661 0.233384 5.59381e-06
28 0.814113 0.185884 2.22766e-06
29 0.853791 0.146208 8.76087e-07
30 0.886183 0.113816 3.40997e-07
31 0.912138 0.0878622 1.31619e-07
32 0.932623 0.0673766 5.04656e-08
33 0.948602 0.0513982 1.92488e-08
34 0.96095 0.0390504 7.31227e-09
35 0.970423 0.0295766 2.76914e-09
36 0.977652 0.0223477 1.04616e-09
37 0.983145 0.0168549 3.94515e-10
38 0.966849 0.0331511 1.35791e-09
39 0.974929 0.0250711 5.13473e-10
40 0.951084 0.0489158 1.7532e-09
41 0.962859 0.0371411 6.6559e-10
42 0.928378 0.071622 2.24614e-09
43 0.945304 0.0546959 8.5766e-10
44 0.958409 0.0415906 3.26081e-10
45 0.968479 0.0315207 1.23565e-10
46 0.976172 0.0238283 4.6705e-11
47 0.982022 0.0179783 1.76193e-11
48 0.986455 0.0135446 6.63708e-12
49 0.989807 0.010193 2.49736e-12
50 0.992336 0.00766426 9.38904e-13
51 0.994241 0.00575923 3.52765e-13
52 0.988547 0.0114525 1.22761e-12
53 0.991386 0.00861404 4.61674e-13
54 0.993526 0.00647448 1.73502e-13
55 0.995136 0.00486373 6.51686e-14
56 0.996348 0.00365224 2.4468e-14
57 0.992722 0.00727789 8.53262e-14
58 0.994532 0.00546837 3.20557e-14
59 0.995893 0.00410689 1.20373e-14
60 0.996917 0.00308333 4.51864e-15
61 0.997686 0.00231429 1.6958e-15
62 0.998263 0.00173672 6.36292e-16
63 0.998697 0.0013031 2.38713e-16
64 0.999022 0.000977647 8.95466e-17
65 0.999267 0.000733415 3.35882e-17
66 0.99945 0.000550162 1.25979e-17
67 0.999587 0.000412678 4.72485e-18
68 0.999175 0.000825016 1.65302e-17
69 0.999381 0.000618889 6.20009e-18
70 0.999536 0.000464239 2.32539e-18
71 0.999652 0.00034822 8.72124e-19
72 0.999739 0.000261187 3.27075e-19
73 0.999804 0.000195903 1.22661e-19
74 0.999853 0.000146935 4.60002e-20
75 0.99989 0.000110205 1.72507e-20
76 0.999917 8.26561e-05 6.46919e-21
77 0.999938 6.19934e-05 2.426e-21
78 0.999954 4.64957e-05 9.09763e-22
79 0.999907 9.29872e-05 3.18402e-21
80 0.99993 6.9742e-05 1.19404e-21
81 0.999861 0.000139474 4.17883e-21
82 0.999895 0.000104609 1.56712e-21
83 0.999922 7.8459e-05 5.87684e-22
84 0.999941 5.88454e-05 2.20386e-22
85 0.999956 4.41347e-05 8.26459e-23
86 0.999967 3.31014e-05 3.09926e-23
87 0.999975 2.48263e-05 1.16223e-23
88 0.999981 1.86198e-05 4.35839e-24
89 0.999986 1.39649e-05 1.6344e-24
90 0.99999 1.04737e-05 6.12904e-25
91 0.999979 2.09472e-05 2.14514e-24
92 0.999958 4.18936e-05 7.50784e-24
93 0.999969 3.14205e-05 2.81547e-24
94 0.999976 2.35656e-05 1.05581e-24
95 0.999953 4.71301e-05 3.69524e-24
96 0.999906 9.42557e-05 1.29327e-23
97 0.999929 7.06934e-05 4.84989e-24
98 0.999947 5.3021e-05 1.81874e-24
99 0.99996 3.97663e-05 6.82038e-25
